934
385 275
649 723
67 147
571 172
236 172
258 73
74 18
510 926
91 110
369 641
207 282
706 172
11 131
686 597
725 152
717 493
692 625
14 95
348 228
162 85
19 140
391 109
656 791
63 23
282 374
528 613
492 286
285 54
149 155
82 220
644 401
362 264
671 355
506 418
200 213
196 243
666 637
236 630
81 74
823 14
523 117
57 803
199 459
359 5
567 400
186 484
351 121
399 793
139 685
827 131
24 372
309 380
88 55
24 23
302 237
554 628
7 269
262 41
777 697
474 126
658 665
909 158
644 825
617 678
149 330
340 875
796 66
895 309
356 518
461 340
629 535
594 332
558 569
682 533
267 59
262 373
262 870
377 702
189 195
435 66
170 201
417 730
278 328
874 248
8 61
50 66
135 921
196 363
801 390
890 463
24 765
687 375
732 514
41 234
383 789
244 324
548 467
202 378
194 21
864 538
740 187
42 39
241 274
178 714
221 94
456 378
134 80
535 64
174 46
606 190
463 342
609 438
852 310
244 240
29 28
19 60
460 185
331 40
378 403
579 602
67 10
256 490
65 867
547 302
846 813
516 134
353 89
46 56
752 62
17 48
170 18
229 425
719 502
400 149
828 98
460 495
756 65
42 409
668 452
37 107
436 394
352 232
32 112
399 513
19 23
24 77
355 23
815 84
572 925
914 651
99 339
624 538
79 42
251 263
451 236
166 80
461 578
893 38
227 166
474 919
261 663
545 904
336 402
608 5
502 154
11 8
262 356
271 858
484 753
358 824
385 698
281 213
298 554
192 406
91 157
144 329
253 270
620 386
317 375
67 117
61 450
36 133
215 34
635 812
433 591
44 217
695 456
881 608
508 785
804 251
522 399
379 169
559 856
10 31
58 18
49 105
560 553
129 24
557 484
239 36
43 607
480 20
724 108
819 719
85 527
16 154
413 500
604 916
390 239
121 377
187 458
119 280
433 83
664 107
174 364
565 115
257 497
766 528
446 55
191 417
76 39
569 572
460 712
349 58
930 932
707 151
161 289
313 743
224 59
556 251
111 208
152 75
830 889
43 111
355 447
114 927
706 786
168 799
550 892
195 442
451 570
700 826
179 658
314 243
298 60
24 930
115 206
225 268
837 389
235 233
155 834
177 34
188 322
694 351
27 128
323 747
98 172
634 404
528 782
246 230
568 872
888 538
470 393
104 1
313 194
386 3
50 31
482 165
508 272
159 96
675 79
20 52
552 512
593 633
42 51
917 9
12 211
315 746
60 854
132 98
193 407
49 53
382 88
286 23
659 359
76 279
34 54
273 817
429 74
896 418
720 215
42 70
65 365
55 757
386 507
152 358
625 388
920 98
148 76
673 612
59 161
23 82
526 599
321 96
366 597
680 608
531 220
242 110
221 465
532 280
821 666
421 769
575 482
91 37
40 59
303 419
583 323
516 741
66 762
200 171
853 248
929 466
111 555
243 342
296 139
14 7
394 521
135 288
626 374
449 420
326 886
250 66
715 51
173 198
53 204
165 736
726 285
504 200
121 266
246 347
3 574
187 46
733 550
477 459
2 138
408 215
142 62
611 328
252 159
411 511
20 7
264 488
120 73
1 86
405 901
97 74
512 63
499 389
660 809
43 475
277 262
684 385
595 478
861 486
159 550
306 252
209 161
18 2
363 370
463 640
480 862
838 807
513 530
71 293
398 469
113 41
171 454
150 584
25 5
764 437
62 68
174 245
434 267
13 6
441 243
784 627
63 327
471 5
48 171
240 143
141 541
173 22
675 902
709 469
642 88
10 21
567 775
62 146
615 542
92 55
313 758
39 193
67 153
503 296
780 334
253 4
169 256
27 887
514 240
169 278
356 424
231 199
320 178
64 71
85 563
662 259
170 273
345 199
271 147
312 80
210 34
293 423
670 192
190 80
405 498
165 623
604 268
669 363
32 94
281 439
737 456
818 111
573 106
179 97
763 727
486 192
676 835
661 502
168 175
94 517
811 271
617 249
233 906
135 120
806 79
657 259
619 558
412 496
298 581
565 903
280 337
831 706
420 883
434 472
199 60
395 312
817 851
501 435
55 108
411 225
275 343
614 190
564 337
462 590
311 731
403 464
891 766
69 354
548 589
65 164
91 792
369 452
473 348
375 468
751 22
26 83
238 34
19 4
184 112
800 5
89 96
495 894
568 376
418 558
43 122
667 622
103 31
303 677
249 238
610 455
742 26
240 360
577 708
22 28
651 381
3 1
226 60
317 81
72 68
342 539
144 141
100 115
691 560
632 93
39 3
134 237
739 427
272 528
260 295
6 255
255 444
202 323
20 807
207 396
680 844
912 51
868 667
15 772
117 291
395 587
34 45
189 905
80 60
4 2
71 865
183 95
100 102
549 390
681 327
457 321
203 194
558 833
458 462
41 4
648 520
97 426
372 529
17 1
40 8
467 203
754 721
143 117
60 205
150 165
693 692
191 126
613 863
866 439
689 632
847 284
66 89
16 8
90 60
65 58
203 829
118 272
774 574
309 140
292 897
172 405
131 292
784 918
445 221
855 634
614 910
40 588
534 50
275 440
73 176
538 368
319 466
600 72
25 145
25 716
839 741
410 427
52 69
276 5
136 79
802 530
478 68
55 37
85 66
533 310
579 449
420 256
131 879
585 931
109 207
363 612
33 627
697 692
315 16
304 49
797 725
840 508
325 346
529 704
6 225
290 546
687 699
416 182
189 89
169 219
857 632
9 35
473 683
247 9
366 79
339 540
355 483
849 778
323 510
727 113
23 168
155 163
56 169
205 505
46 109
398 42
545 525
830 305
198 229
233 2
326 536
37 33
275 696
31 810
121 30
898 174
281 593
377 453
139 188
779 885
307 109
485 211
212 126
557 721
1 334
426 813
61 151
710 148
104 310
2 6
705 52
341 184
672 616
214 118
326 220
23 368
93 88
711 139
586 653
389 196
865 869
182 655
125 54
202 136
738 636
649 336
53 197
270 340
324 580
17 759
301 237
5 1
307 880
750 393
577 191
305 156
289 297
397 284
33 62
84 22
515 505
224 843
915 66
553 391
248 566
75 119
120 284
24 167
471 768
1 10
137 25
26 1
178 52
637 550
180 152
335 421
112 332
537 459
432 159
734 466
900 85
283 586
333 656
431 233
12 36
87 443
2 1
490 688
308 305
491 459
639 779
192 525
170 388
34 254
448 151
586 850
261 361
422 278
638 776
842 58
78 87
84 261
266 899
767 610
29 73
193 876
31 300
788 239
158 455
383 277
410 304
33 43
2 12
654 778
794 653
430 487
356 371
822 253
275 78
859 533
294 104
542 160
592 529
596 320
121 156
364 646
2 290
547 652
316 278
773 440
110 357
214 222
388 437
283 263
59 192
907 811
701 25
700 908
83 384
114 111
338 61
430 380
77 319
492 816
438 164
20 149
93 98
603 118
787 15
513 585
44 19
27 1
1 8
714 922
428 401
305 690
761 292
104 158
252 561
334 618
303 226
261 333
760 363
745 98
116 73
68 185
923 265
781 158
32 22
553 771
304 660
550 643
720 848
115 186
33 4
311 783
543 506
7 5
316 413
216 183
928 507
114 393
230 190
12 124
639 570
749 121
224 509
10 841
617 631
54 64
913 374
601 163
106 36
562 441
764 832
430 479
99 4
326 404
808 216
25 46
619 878
141 7
401 10
645 73
30 25
679 609
148 259
558 845
612 884
605 438
143 933
103 860
805 411
140 654
635 287
770 101
415 285
174 520
355 582
103 130
376 32
15 1
264 101
160 66